{
  "cameras": [
    {
      "image": "images/view_000.png",
      "R": [
        [
          -0.0,
          -0.0,
          -1.0
        ],
        [
          -0.1961161345243454,
          -0.9805806875228882,
          0.0
        ],
        [
          -0.9805806875228882,
          0.1961161345243454,
          0.0
        ]
      ],
      "t": [
        0.0,
        -2.7755575615628914e-17,
        3.0594117641448975
      ],
      "fx": 154.50966799187808,
      "fy": 154.50966799187808,
      "cx": 64.0,
      "cy": 64.0,
      "width": 128,
      "height": 128
    },
    {
      "image": "images/view_001.png",
      "R": [
        [
          0.1736481785774231,
          0.0,
          -0.9848077297210693
        ],
        [
          -0.19313669204711914,
          -0.9805806875228882,
          -0.034055210649967194
        ],
        [
          -0.9656834602355957,
          0.1961161345243454,
          -0.17027604579925537
        ]
      ],
      "t": [
        1.5085234928486687e-17,
        2.805936927611759e-17,
        3.0594117641448975
      ],
      "fx": 154.50966799187808,
      "fy": 154.50966799187808,
      "cx": 64.0,
      "cy": 64.0,
      "width": 128,
      "height": 128
    },
    {
      "image": "images/view_002.png",
      "R": [
        [
          0.3420201539993286,
          0.0,
          -0.9396926164627075
        ],
        [
          -0.184288889169693,
          -0.9805806875228882,
          -0.06707566976547241
        ],
        [
          -0.9214444160461426,
          0.1961161345243454,
          -0.33537834882736206
        ]
      ],
      "t": [
        -7.00131427641946e-17,
        7.38691609948963e-17,
        3.0594117641448975
      ],
      "fx": 154.50966799187808,
      "fy": 154.50966799187808,
      "cx": 64.0,
      "cy": 64.0,
      "width": 128,
      "height": 128
    },
    {
      "image": "images/view_003.png",
      "R": [
        [
          0.5,
          0.0,
          -0.8660253882408142
        ],
        [
          -0.16984155774116516,
          -0.9805806875228882,
          -0.0980580672621727
        ],
        [
          -0.8492077589035034,
          0.1961161345243454,
          -0.4902903437614441
        ]
      ],
      "t": [
        -8.127396934190769e-17,
        1.2921204714594859e-17,
        3.0594117641448975
      ],
      "fx": 154.50966799187808,
      "fy": 154.50966799187808,
      "cx": 64.0,
      "cy": 64.0,
      "width": 128,
      "height": 128
    },
    {
      "image": "images/view_004.png",
      "R": [
        [
          0.6427876353263855,
          0.0,
          -0.7660444378852844
        ],
        [
          -0.1502336710691452,
          -0.9805806875228882,
          -0.12606102228164673
        ],
        [
          -0.7511683702468872,
          0.1961161345243454,
          -0.6303051114082336
        ]
      ],
      "t": [
        -1.068501887412554e-16,
        1.3008583773165775e-16,
        3.0594117641448975
      ],
      "fx": 154.50966799187808,
      "fy": 154.50966799187808,
      "cx": 64.0,
      "cy": 64.0,
      "width": 128,
      "height": 128
    },
    {
      "image": "images/view_005.png",
      "R": [
        [
          0.7660444378852844,
          0.0,
          -0.6427876353263855
        ],
        [
          -0.12606102228164673,
          -0.9805806875228882,
          -0.1502336710691452
        ],
        [
          -0.6303051114082336,
          0.1961161345243454,
          -0.7511683702468872
        ]
      ],
      "t": [
        5.566344841691864e-18,
        7.775395849346994e-17,
        3.0594117641448975
      ],
      "fx": 154.50966799187808,
      "fy": 154.50966799187808,
      "cx": 64.0,
      "cy": 64.0,
      "width": 128,
      "height": 128
    },
    {
      "image": "images/view_006.png",
      "R": [
        [
          0.8660253882408142,
          0.0,
          -0.5
        ],
        [
          -0.0980580672621727,
          -0.9805806875228882,
          -0.16984155774116516
        ],
        [
          -0.4902903437614441,
          0.1961161345243454,
          -0.8492077589035034
        ]
      ],
      "t": [
        6.639979947288126e-17,
        5.564070756751833e-17,
        3.0594117641448975
      ],
      "fx": 154.50966799187808,
      "fy": 154.50966799187808,
      "cx": 64.0,
      "cy": 64.0,
      "width": 128,
      "height": 128
    },
    {
      "image": "images/view_007.png",
      "R": [
        [
          0.9396926164627075,
          0.0,
          -0.3420201539993286
        ],
        [
          -0.06707566976547241,
          -0.9805806875228882,
          -0.184288889169693
        ],
        [
          -0.33537834882736206,
          0.1961161345243454,
          -0.9214444160461426
        ]
      ],
      "t": [
        3.89164986276803e-17,
        -8.582384321403112e-18,
        3.0594117641448975
      ],
      "fx": 154.50966799187808,
      "fy": 154.50966799187808,
      "cx": 64.0,
      "cy": 64.0,
      "width": 128,
      "height": 128
    },
    {
      "image": "images/view_008.png",
      "R": [
        [
          0.9848077297210693,
          0.0,
          -0.1736481785774231
        ],
        [
          -0.034055210649967194,
          -0.9805806875228882,
          -0.19313669204711914
        ],
        [
          -0.17027604579925537,
          0.1961161345243454,
          -0.9656834602355957
        ]
      ],
      "t": [
        -6.540340417677948e-17,
        -5.294925376017289e-17,
        3.0594117641448975
      ],
      "fx": 154.50966799187808,
      "fy": 154.50966799187808,
      "cx": 64.0,
      "cy": 64.0,
      "width": 128,
      "height": 128
    },
    {
      "image": "images/view_009.png",
      "R": [
        [
          1.0,
          0.0,
          -6.123234262925839e-17
        ],
        [
          -1.200864996383962e-17,
          -0.9805806875228882,
          -0.1961161345243454
        ],
        [
          -6.004324733765626e-17,
          0.1961161345243454,
          -0.9805806875228882
        ]
      ],
      "t": [
        1.232595164407831e-32,
        -2.7755575615628914e-17,
        3.0594117641448975
      ],
      "fx": 154.50966799187808,
      "fy": 154.50966799187808,
      "cx": 64.0,
      "cy": 64.0,
      "width": 128,
      "height": 128
    },
    {
      "image": "images/view_010.png",
      "R": [
        [
          0.9848077297210693,
          0.0,
          0.1736481785774231
        ],
        [
          0.034055210649967194,
          -0.9805806875228882,
          -0.19313669204711914
        ],
        [
          0.17027604579925537,
          0.1961161345243454,
          -0.9656834602355957
        ]
      ],
      "t": [
        6.03433683162252e-17,
        5.807304870234276e-17,
        3.0594117641448975
      ],
      "fx": 154.50966799187808,
      "fy": 154.50966799187808,
      "cx": 64.0,
      "cy": 64.0,
      "width": 128,
      "height": 128
    },
    {
      "image": "images/view_011.png",
      "R": [
        [
          0.9396926164627075,
          0.0,
          0.3420201539993286
        ],
        [
          0.06707566976547241,
          -0.9805806875228882,
          -0.184288889169693
        ],
        [
          0.33537834882736206,
          0.1961161345243454,
          -0.9214444160461426
        ]
      ],
      "t": [
        8.200377425275098e-17,
        4.0481147152271306e-17,
        3.0594117641448975
      ],
      "fx": 154.50966799187808,
      "fy": 154.50966799187808,
      "cx": 64.0,
      "cy": 64.0,
      "width": 128,
      "height": 128
    },
    {
      "image": "images/view_012.png",
      "R": [
        [
          0.8660253882408142,
          0.0,
          0.5
        ],
        [
          0.0980580672621727,
          -0.9805806875228882,
          -0.16984155774116516
        ],
        [
          0.4902903437614441,
          0.1961161345243454,
          -0.8492077589035034
        ]
      ],
      "t": [
        -1.1422605734735601e-17,
        3.3329459381423586e-17,
        3.0594117641448975
      ],
      "fx": 154.50966799187808,
      "fy": 154.50966799187808,
      "cx": 64.0,
      "cy": 64.0,
      "width": 128,
      "height": 128
    },
    {
      "image": "images/view_013.png",
      "R": [
        [
          0.7660444378852844,
          0.0,
          0.6427876353263855
        ],
        [
          0.12606102228164673,
          -0.9805806875228882,
          -0.1502336710691452
        ],
        [
          0.6303051114082336,
          0.1961161345243454,
          -0.7511683702468872
        ]
      ],
      "t": [
        -5.566344841691864e-18,
        7.775395849346994e-17,
        3.0594117641448975
      ],
      "fx": 154.50966799187808,
      "fy": 154.50966799187808,
      "cx": 64.0,
      "cy": 64.0,
      "width": 128,
      "height": 128
    },
    {
      "image": "images/view_014.png",
      "R": [
        [
          0.6427876353263855,
          0.0,
          0.7660444378852844
        ],
        [
          0.1502336710691452,
          -0.9805806875228882,
          -0.12606102228164673
        ],
        [
          0.7511683702468872,
          0.1961161345243454,
          -0.6303051114082336
        ]
      ],
      "t": [
        2.4744643149019568e-17,
        7.528146270298973e-17,
        3.0594117641448975
      ],
      "fx": 154.50966799187808,
      "fy": 154.50966799187808,
      "cx": 64.0,
      "cy": 64.0,
      "width": 128,
      "height": 128
    },
    {
      "image": "images/view_015.png",
      "R": [
        [
          0.5,
          0.0,
          0.8660253882408142
        ],
        [
          0.16984155774116516,
          -0.9805806875228882,
          -0.0980580672621727
        ],
        [
          0.8492077589035034,
          0.1961161345243454,
          -0.4902903437614441
        ]
      ],
      "t": [
        -4.754010797645183e-17,
        -1.6990349338843292e-17,
        3.0594117641448975
      ],
      "fx": 154.50966799187808,
      "fy": 154.50966799187808,
      "cx": 64.0,
      "cy": 64.0,
      "width": 128,
      "height": 128
    },
    {
      "image": "images/view_016.png",
      "R": [
        [
          0.3420201539993286,
          0.0,
          0.9396926164627075
        ],
        [
          0.184288889169693,
          -0.9805806875228882,
          -0.06707566976547241
        ],
        [
          0.9214444160461426,
          0.1961161345243454,
          -0.33537834882736206
        ]
      ],
      "t": [
        -1.1334015518311784e-17,
        3.5352786173120144e-17,
        3.0594117641448975
      ],
      "fx": 154.50966799187808,
      "fy": 154.50966799187808,
      "cx": 64.0,
      "cy": 64.0,
      "width": 128,
      "height": 128
    },
    {
      "image": "images/view_017.png",
      "R": [
        [
          0.1736481785774231,
          0.0,
          0.9848077297210693
        ],
        [
          0.19313669204711914,
          -0.9805806875228882,
          -0.034055210649967194
        ],
        [
          0.9656834602355957,
          0.1961161345243454,
          -0.17027604579925537
        ]
      ],
      "t": [
        -1.8458591617402466e-17,
        1.3268036582354668e-17,
        3.0594117641448975
      ],
      "fx": 154.50966799187808,
      "fy": 154.50966799187808,
      "cx": 64.0,
      "cy": 64.0,
      "width": 128,
      "height": 128
    },
    {
      "image": "images/view_018.png",
      "R": [
        [
          1.2246468525851679e-16,
          0.0,
          1.0
        ],
        [
          0.1961161345243454,
          -0.9805806875228882,
          -2.401729992767924e-17
        ],
        [
          0.9805806875228882,
          0.1961161345243454,
          -1.2008649467531253e-16
        ]
      ],
      "t": [
        0.0,
        -2.7755575615628914e-17,
        3.0594117641448975
      ],
      "fx": 154.50966799187808,
      "fy": 154.50966799187808,
      "cx": 64.0,
      "cy": 64.0,
      "width": 128,
      "height": 128
    },
    {
      "image": "images/view_019.png",
      "R": [
        [
          -0.1736481785774231,
          0.0,
          0.9848077297210693
        ],
        [
          0.19313669204711914,
          -0.9805806875228882,
          0.034055210649967194
        ],
        [
          0.9656834602355957,
          0.1961161345243454,
          0.17027604579925537
        ]
      ],
      "t": [
        3.0265340855788306e-17,
        -4.2261739447575403e-17,
        3.0594117641448975
      ],
      "fx": 154.50966799187808,
      "fy": 154.50966799187808,
      "cx": 64.0,
      "cy": 64.0,
      "width": 128,
      "height": 128
    },
    {
      "image": "images/view_020.png",
      "R": [
        [
          -0.3420201539993286,
          0.0,
          0.9396926164627075
        ],
        [
          0.184288889169693,
          -0.9805806875228882,
          0.06707566976547241
        ],
        [
          0.9214444160461426,
          0.1961161345243454,
          0.33537834882736206
        ]
      ],
      "t": [
        5.44000888499215e-17,
        1.4151877081634108e-16,
        3.0594117641448975
      ],
      "fx": 154.50966799187808,
      "fy": 154.50966799187808,
      "cx": 64.0,
      "cy": 64.0,
      "width": 128,
      "height": 128
    },
    {
      "image": "images/view_021.png",
      "R": [
        [
          -0.5,
          0.0,
          0.8660253882408142
        ],
        [
          0.16984155774116516,
          -0.9805806875228882,
          0.0980580672621727
        ],
        [
          0.8492077589035034,
          0.1961161345243454,
          0.4902903437614441
        ]
      ],
      "t": [
        5.152562960385483e-17,
        5.742432072641947e-17,
        3.0594117641448975
      ],
      "fx": 154.50966799187808,
      "fy": 154.50966799187808,
      "cx": 64.0,
      "cy": 64.0,
      "width": 128,
      "height": 128
    },
    {
      "image": "images/view_022.png",
      "R": [
        [
          -0.6427876353263855,
          0.0,
          0.7660444378852844
        ],
        [
          0.1502336710691452,
          -0.9805806875228882,
          0.12606102228164673
        ],
        [
          0.7511683702468872,
          0.1961161345243454,
          0.6303051114082336
        ]
      ],
      "t": [
        8.503744260567695e-17,
        8.158562452693807e-17,
        3.0594117641448975
      ],
      "fx": 154.50966799187808,
      "fy": 154.50966799187808,
      "cx": 64.0,
      "cy": 64.0,
      "width": 128,
      "height": 128
    },
    {
      "image": "images/view_023.png",
      "R": [
        [
          -0.7660444378852844,
          0.0,
          0.6427876353263855
        ],
        [
          0.12606102228164673,
          -0.9805806875228882,
          0.1502336710691452
        ],
        [
          0.6303051114082336,
          0.1961161345243454,
          0.7511683702468872
        ]
      ],
      "t": [
        -2.4744643149019568e-17,
        6.654795082931196e-17,
        3.0594117641448975
      ],
      "fx": 154.50966799187808,
      "fy": 154.50966799187808,
      "cx": 64.0,
      "cy": 64.0,
      "width": 128,
      "height": 128
    },
    {
      "image": "images/view_024.png",
      "R": [
        [
          -0.8660253882408142,
          0.0,
          0.5
        ],
        [
          0.0980580672621727,
          -0.9805806875228882,
          0.16984155774116516
        ],
        [
          0.4902903437614441,
          0.1961161345243454,
          0.8492077589035034
        ]
      ],
      "t": [
        4.3554586349048833e-17,
        -7.865405052752614e-19,
        3.0594117641448975
      ],
      "fx": 154.50966799187808,
      "fy": 154.50966799187808,
      "cx": 64.0,
      "cy": 64.0,
      "width": 128,
      "height": 128
    },
    {
      "image": "images/view_025.png",
      "R": [
        [
          -0.9396926164627075,
          0.0,
          0.3420201539993286
        ],
        [
          0.06707566976547241,
          -0.9805806875228882,
          0.184288889169693
        ],
        [
          0.33537834882736206,
          0.1961161345243454,
          0.9214444160461426
        ]
      ],
      "t": [
        -1.4755812896515404e-16,
        4.0481147152271306e-17,
        3.0594117641448975
      ],
      "fx": 154.50966799187808,
      "fy": 154.50966799187808,
      "cx": 64.0,
      "cy": 64.0,
      "width": 128,
      "height": 128
    },
    {
      "image": "images/view_026.png",
      "R": [
        [
          -0.9848077297210693,
          0.0,
          0.1736481785774231
        ],
        [
          0.034055210649967194,
          -0.9805806875228882,
          0.19313669204711914
        ],
        [
          0.17027604579925537,
          0.1961161345243454,
          0.9656834602355957
        ]
      ],
      "t": [
        -7.362234188063905e-18,
        -5.294925376017289e-17,
        3.0594117641448975
      ],
      "fx": 154.50966799187808,
      "fy": 154.50966799187808,
      "cx": 64.0,
      "cy": 64.0,
      "width": 128,
      "height": 128
    },
    {
      "image": "images/view_027.png",
      "R": [
        [
          -1.0,
          0.0,
          1.8369701465288538e-16
        ],
        [
          3.602594906433825e-17,
          -0.9805806875228882,
          0.1961161345243454
        ],
        [
          1.801297486304137e-16,
          0.1961161345243454,
          0.9805806875228882
        ]
      ],
      "t": [
        -4.930380657631324e-32,
        -2.7755575615628914e-17,
        3.0594117641448975
      ],
      "fx": 154.50966799187808,
      "fy": 154.50966799187808,
      "cx": 64.0,
      "cy": 64.0,
      "width": 128,
      "height": 128
    },
    {
      "image": "images/view_028.png",
      "R": [
        [
          -0.9848077297210693,
          -0.0,
          -0.1736481785774231
        ],
        [
          -0.034055210649967194,
          -0.9805806875228882,
          0.19313669204711914
        ],
        [
          -0.17027604579925537,
          0.1961161345243454,
          0.9656834602355957
        ]
      ],
      "t": [
        -3.195201837306558e-17,
        3.282066720408712e-17,
        3.0594117641448975
      ],
      "fx": 154.50966799187808,
      "fy": 154.50966799187808,
      "cx": 64.0,
      "cy": 64.0,
      "width": 128,
      "height": 128
    },
    {
      "image": "images/view_029.png",
      "R": [
        [
          -0.9396926164627075,
          -0.0,
          -0.3420201539993286
        ],
        [
          -0.06707566976547241,
          -0.9805806875228882,
          0.184288889169693
        ],
        [
          -0.33537834882736206,
          0.1961161345243454,
          0.9214444160461426
        ]
      ],
      "t": [
        1.2562858285913158e-18,
        1.0243991979547377e-16,
        3.0594117641448975
      ],
      "fx": 154.50966799187808,
      "fy": 154.50966799187808,
      "cx": 64.0,
      "cy": 64.0,
      "width": 128,
      "height": 128
    },
    {
      "image": "images/view_030.png",
      "R": [
        [
          -0.8660253882408142,
          -0.0,
          -0.5
        ],
        [
          -0.0980580672621727,
          -0.9805806875228882,
          0.16984155774116516
        ],
        [
          -0.4902903437614441,
          0.1961161345243454,
          0.8492077589035034
        ]
      ],
      "t": [
        -4.5690422938942404e-17,
        -2.1265592630154213e-17,
        3.0594117641448975
      ],
      "fx": 154.50966799187808,
      "fy": 154.50966799187808,
      "cx": 64.0,
      "cy": 64.0,
      "width": 128,
      "height": 128
    },
    {
      "image": "images/view_031.png",
      "R": [
        [
          -0.7660444378852844,
          -0.0,
          -0.6427876353263855
        ],
        [
          -0.12606102228164673,
          -0.9805806875228882,
          0.1502336710691452
        ],
        [
          -0.6303051114082336,
          0.1961161345243454,
          0.7511683702468872
        ]
      ],
      "t": [
        -3.587733117804207e-17,
        -1.378748036443898e-17,
        3.0594117641448975
      ],
      "fx": 154.50966799187808,
      "fy": 154.50966799187808,
      "cx": 64.0,
      "cy": 64.0,
      "width": 128,
      "height": 128
    },
    {
      "image": "images/view_032.png",
      "R": [
        [
          -0.6427876353263855,
          -0.0,
          -0.7660444378852844
        ],
        [
          -0.1502336710691452,
          -0.9805806875228882,
          0.12606102228164673
        ],
        [
          -0.7511683702468872,
          0.1961161345243454,
          0.6303051114082336
        ]
      ],
      "t": [
        6.873988680834888e-17,
        4.577315092636506e-17,
        3.0594117641448975
      ],
      "fx": 154.50966799187808,
      "fy": 154.50966799187808,
      "cx": 64.0,
      "cy": 64.0,
      "width": 128,
      "height": 128
    },
    {
      "image": "images/view_033.png",
      "R": [
        [
          -0.5,
          -0.0,
          -0.8660253882408142
        ],
        [
          -0.16984155774116516,
          -0.9805806875228882,
          0.0980580672621727
        ],
        [
          -0.8492077589035034,
          0.1961161345243454,
          0.4902903437614441
        ]
      ],
      "t": [
        1.0305125920770966e-16,
        1.2801264518391405e-16,
        3.0594117641448975
      ],
      "fx": 154.50966799187808,
      "fy": 154.50966799187808,
      "cx": 64.0,
      "cy": 64.0,
      "width": 128,
      "height": 128
    },
    {
      "image": "images/view_034.png",
      "R": [
        [
          -0.3420201539993286,
          -0.0,
          -0.9396926164627075
        ],
        [
          -0.184288889169693,
          -0.9805806875228882,
          0.06707566976547241
        ],
        [
          -0.9214444160461426,
          0.1961161345243454,
          0.33537834882736206
        ]
      ],
      "t": [
        -6.779101800152195e-17,
        8.462996020104353e-17,
        3.0594117641448975
      ],
      "fx": 154.50966799187808,
      "fy": 154.50966799187808,
      "cx": 64.0,
      "cy": 64.0,
      "width": 128,
      "height": 128
    },
    {
      "image": "images/view_035.png",
      "R": [
        [
          -0.1736481785774231,
          -0.0,
          -0.9848077297210693
        ],
        [
          -0.19313669204711914,
          -0.9805806875228882,
          0.034055210649967194
        ],
        [
          -0.9656834602355957,
          0.1961161345243454,
          0.17027604579925537
        ]
      ],
      "t": [
        -1.339855741120941e-17,
        3.545503562299905e-17,
        3.0594117641448975
      ],
      "fx": 154.50966799187808,
      "fy": 154.50966799187808,
      "cx": 64.0,
      "cy": 64.0,
      "width": 128,
      "height": 128
    }
  ],
  "meta": {
    "gt_points": 40000
  }
}