{
  "cameras": [
    {
      "image": "images/view_000.png",
      "R": [
        [
          -0.0,
          -0.0,
          -1.0
        ],
        [
          -0.1961161345243454,
          -0.9805806875228882,
          0.0
        ],
        [
          -0.9805806875228882,
          0.1961161345243454,
          0.0
        ]
      ],
      "t": [
        0.0,
        -2.7755575615628914e-17,
        3.0594117641448975
      ],
      "fx": 115.88225099390857,
      "fy": 115.88225099390857,
      "cx": 48.0,
      "cy": 48.0,
      "width": 96,
      "height": 96
    },
    {
      "image": "images/view_001.png",
      "R": [
        [
          0.2079116851091385,
          0.0,
          -0.9781476259231567
        ],
        [
          -0.19183053076267242,
          -0.9805806875228882,
          -0.040774837136268616
        ],
        [
          -0.9591526389122009,
          0.1961161345243454,
          -0.20387418568134308
        ]
      ],
      "t": [
        6.7608093626500745e-18,
        4.892859680907109e-17,
        3.0594117641448975
      ],
      "fx": 115.88225099390857,
      "fy": 115.88225099390857,
      "cx": 48.0,
      "cy": 48.0,
      "width": 96,
      "height": 96
    },
    {
      "image": "images/view_002.png",
      "R": [
        [
          0.4067366421222687,
          0.0,
          -0.9135454297065735
        ],
        [
          -0.17916099727153778,
          -0.9805806875228882,
          -0.0797676220536232
        ],
        [
          -0.8958050012588501,
          0.1961161345243454,
          -0.3988381028175354
        ]
      ],
      "t": [
        4.6846331744368906e-17,
        -1.0228194153336594e-17,
        3.0594117641448975
      ],
      "fx": 115.88225099390857,
      "fy": 115.88225099390857,
      "cx": 48.0,
      "cy": 48.0,
      "width": 96,
      "height": 96
    },
    {
      "image": "images/view_003.png",
      "R": [
        [
          0.5877852439880371,
          0.0,
          -0.80901700258255
        ],
        [
          -0.15866129100322723,
          -0.9805806875228882,
          -0.11527416855096817
        ],
        [
          -0.7933064103126526,
          0.1961161345243454,
          -0.5763708353042603
        ]
      ],
      "t": [
        -3.797989856369876e-17,
        6.155765622056325e-17,
        3.0594117641448975
      ],
      "fx": 115.88225099390857,
      "fy": 115.88225099390857,
      "cx": 48.0,
      "cy": 48.0,
      "width": 96,
      "height": 96
    },
    {
      "image": "images/view_004.png",
      "R": [
        [
          0.7431448101997375,
          0.0,
          -0.6691306233406067
        ],
        [
          -0.1312273144721985,
          -0.9805806875228882,
          -0.14574268460273743
        ],
        [
          -0.6561365127563477,
          0.1961161345243454,
          -0.7287134528160095
        ]
      ],
      "t": [
        -1.1779880426856647e-16,
        6.542917912466664e-17,
        3.0594117641448975
      ],
      "fx": 115.88225099390857,
      "fy": 115.88225099390857,
      "cx": 48.0,
      "cy": 48.0,
      "width": 96,
      "height": 96
    },
    {
      "image": "images/view_005.png",
      "R": [
        [
          0.8660253882408142,
          0.0,
          -0.5
        ],
        [
          -0.0980580672621727,
          -0.9805806875228882,
          -0.16984155774116516
        ],
        [
          -0.4902903437614441,
          0.1961161345243454,
          -0.8492077589035034
        ]
      ],
      "t": [
        6.639979947288126e-17,
        5.564070756751833e-17,
        3.0594117641448975
      ],
      "fx": 115.88225099390857,
      "fy": 115.88225099390857,
      "cx": 48.0,
      "cy": 48.0,
      "width": 96,
      "height": 96
    },
    {
      "image": "images/view_006.png",
      "R": [
        [
          0.9510565400123596,
          0.0,
          -0.30901700258255005
        ],
        [
          -0.060603220015764236,
          -0.9805806875228882,
          -0.18651752173900604
        ],
        [
          -0.3030160963535309,
          0.1961161345243454,
          -0.9325876235961914
        ]
      ],
      "t": [
        -6.664545391683603e-18,
        -1.6945435085942888e-17,
        3.0594117641448975
      ],
      "fx": 115.88225099390857,
      "fy": 115.88225099390857,
      "cx": 48.0,
      "cy": 48.0,
      "width": 96,
      "height": 96
    },
    {
      "image": "images/view_007.png",
      "R": [
        [
          0.9945219159126282,
          0.0,
          -0.10452846437692642
        ],
        [
          -0.020499717444181442,
          -0.9805806875228882,
          -0.19504179060459137
        ],
        [
          -0.10249859094619751,
          0.1961161345243454,
          -0.9752089381217957
        ]
      ],
      "t": [
        -5.965431776698179e-18,
        1.3234996507147462e-17,
        3.0594117641448975
      ],
      "fx": 115.88225099390857,
      "fy": 115.88225099390857,
      "cx": 48.0,
      "cy": 48.0,
      "width": 96,
      "height": 96
    },
    {
      "image": "images/view_008.png",
      "R": [
        [
          0.9945219159126282,
          0.0,
          0.10452846437692642
        ],
        [
          0.020499717444181442,
          -0.9805806875228882,
          -0.19504179060459137
        ],
        [
          0.10249859094619751,
          0.1961161345243454,
          -0.9752089381217957
        ]
      ],
      "t": [
        -8.738148841396594e-19,
        9.98509503573012e-17,
        3.0594117641448975
      ],
      "fx": 115.88225099390857,
      "fy": 115.88225099390857,
      "cx": 48.0,
      "cy": 48.0,
      "width": 96,
      "height": 96
    },
    {
      "image": "images/view_009.png",
      "R": [
        [
          0.9510565400123596,
          0.0,
          0.30901700258255005
        ],
        [
          0.060603220015764236,
          -0.9805806875228882,
          -0.18651752173900604
        ],
        [
          0.3030160963535309,
          0.1961161345243454,
          -0.9325876235961914
        ]
      ],
      "t": [
        -1.468680221062684e-16,
        1.852456257997602e-17,
        3.0594117641448975
      ],
      "fx": 115.88225099390857,
      "fy": 115.88225099390857,
      "cx": 48.0,
      "cy": 48.0,
      "width": 96,
      "height": 96
    },
    {
      "image": "images/view_010.png",
      "R": [
        [
          0.8660253882408142,
          0.0,
          0.5
        ],
        [
          0.0980580672621727,
          -0.9805806875228882,
          -0.16984155774116516
        ],
        [
          0.4902903437614441,
          0.1961161345243454,
          -0.8492077589035034
        ]
      ],
      "t": [
        -1.1422605734735601e-17,
        3.3329459381423586e-17,
        3.0594117641448975
      ],
      "fx": 115.88225099390857,
      "fy": 115.88225099390857,
      "cx": 48.0,
      "cy": 48.0,
      "width": 96,
      "height": 96
    },
    {
      "image": "images/view_011.png",
      "R": [
        [
          0.7431448101997375,
          0.0,
          0.6691306233406067
        ],
        [
          0.1312273144721985,
          -0.9805806875228882,
          -0.14574268460273743
        ],
        [
          0.6561365127563477,
          0.1961161345243454,
          -0.7287134528160095
        ]
      ],
      "t": [
        -1.7804692108289497e-16,
        3.4709325683337594e-17,
        3.0594117641448975
      ],
      "fx": 115.88225099390857,
      "fy": 115.88225099390857,
      "cx": 48.0,
      "cy": 48.0,
      "width": 96,
      "height": 96
    },
    {
      "image": "images/view_012.png",
      "R": [
        [
          0.5877852439880371,
          0.0,
          0.80901700258255
        ],
        [
          0.15866129100322723,
          -0.9805806875228882,
          -0.11527416855096817
        ],
        [
          0.7933064103126526,
          0.1961161345243454,
          -0.5763708353042603
        ]
      ],
      "t": [
        5.411385788819855e-17,
        1.0505694058257924e-16,
        3.0594117641448975
      ],
      "fx": 115.88225099390857,
      "fy": 115.88225099390857,
      "cx": 48.0,
      "cy": 48.0,
      "width": 96,
      "height": 96
    },
    {
      "image": "images/view_013.png",
      "R": [
        [
          0.4067366421222687,
          0.0,
          0.9135454297065735
        ],
        [
          0.17916099727153778,
          -0.9805806875228882,
          -0.0797676220536232
        ],
        [
          0.8958050012588501,
          0.1961161345243454,
          -0.3988381028175354
        ]
      ],
      "t": [
        -8.523986362773603e-17,
        3.761459575286064e-17,
        3.0594117641448975
      ],
      "fx": 115.88225099390857,
      "fy": 115.88225099390857,
      "cx": 48.0,
      "cy": 48.0,
      "width": 96,
      "height": 96
    },
    {
      "image": "images/view_014.png",
      "R": [
        [
          0.2079116851091385,
          0.0,
          0.9781476259231567
        ],
        [
          0.19183053076267242,
          -0.9805806875228882,
          -0.040774837136268616
        ],
        [
          0.9591526389122009,
          0.1961161345243454,
          -0.20387418568134308
        ]
      ],
      "t": [
        -6.7608093626500745e-18,
        4.892859680907109e-17,
        3.0594117641448975
      ],
      "fx": 115.88225099390857,
      "fy": 115.88225099390857,
      "cx": 48.0,
      "cy": 48.0,
      "width": 96,
      "height": 96
    },
    {
      "image": "images/view_015.png",
      "R": [
        [
          5.665538686387998e-16,
          0.0,
          1.0
        ],
        [
          0.1961161345243454,
          -0.9805806875228882,
          -1.111103541843607e-16
        ],
        [
          0.9805806875228882,
          0.1961161345243454,
          -5.555518106264729e-16
        ]
      ],
      "t": [
        0.0,
        -2.7755575615628914e-17,
        3.0594117641448975
      ],
      "fx": 115.88225099390857,
      "fy": 115.88225099390857,
      "cx": 48.0,
      "cy": 48.0,
      "width": 96,
      "height": 96
    },
    {
      "image": "images/view_016.png",
      "R": [
        [
          -0.2079116851091385,
          0.0,
          0.9781476259231567
        ],
        [
          0.19183053076267242,
          -0.9805806875228882,
          0.040774837136268616
        ],
        [
          0.9591526389122009,
          0.1961161345243454,
          0.20387418568134308
        ]
      ],
      "t": [
        -1.8030264261332708e-17,
        3.8985667470501986e-17,
        3.0594117641448975
      ],
      "fx": 115.88225099390857,
      "fy": 115.88225099390857,
      "cx": 48.0,
      "cy": 48.0,
      "width": 96,
      "height": 96
    },
    {
      "image": "images/view_017.png",
      "R": [
        [
          -0.4067366421222687,
          0.0,
          0.9135454297065735
        ],
        [
          0.17916099727153778,
          -0.9805806875228882,
          0.0797676220536232
        ],
        [
          0.8958050012588501,
          0.1961161345243454,
          0.3988381028175354
        ]
      ],
      "t": [
        1.1422365025177348e-16,
        -4.4971348215005157e-17,
        3.0594117641448975
      ],
      "fx": 115.88225099390857,
      "fy": 115.88225099390857,
      "cx": 48.0,
      "cy": 48.0,
      "width": 96,
      "height": 96
    },
    {
      "image": "images/view_018.png",
      "R": [
        [
          -0.5877852439880371,
          0.0,
          0.80901700258255
        ],
        [
          0.15866129100322723,
          -0.9805806875228882,
          0.11527416855096817
        ],
        [
          0.7933064103126526,
          0.1961161345243454,
          0.5763708353042603
        ]
      ],
      "t": [
        -2.1761775927977412e-16,
        7.028541753462255e-17,
        3.0594117641448975
      ],
      "fx": 115.88225099390857,
      "fy": 115.88225099390857,
      "cx": 48.0,
      "cy": 48.0,
      "width": 96,
      "height": 96
    },
    {
      "image": "images/view_019.png",
      "R": [
        [
          -0.7431448101997375,
          0.0,
          0.6691306233406067
        ],
        [
          0.1312273144721985,
          -0.9805806875228882,
          0.14574268460273743
        ],
        [
          0.6561365127563477,
          0.1961161345243454,
          0.7287134528160095
        ]
      ],
      "t": [
        -1.4196319841585357e-16,
        4.348140402589504e-17,
        3.0594117641448975
      ],
      "fx": 115.88225099390857,
      "fy": 115.88225099390857,
      "cx": 48.0,
      "cy": 48.0,
      "width": 96,
      "height": 96
    },
    {
      "image": "images/view_020.png",
      "R": [
        [
          -0.8660253882408142,
          0.0,
          0.5
        ],
        [
          0.0980580672621727,
          -0.9805806875228882,
          0.16984155774116516
        ],
        [
          0.4902903437614441,
          0.1961161345243454,
          0.8492077589035034
        ]
      ],
      "t": [
        4.3554586349048833e-17,
        -7.865405052752614e-19,
        3.0594117641448975
      ],
      "fx": 115.88225099390857,
      "fy": 115.88225099390857,
      "cx": 48.0,
      "cy": 48.0,
      "width": 96,
      "height": 96
    },
    {
      "image": "images/view_021.png",
      "R": [
        [
          -0.9510565400123596,
          0.0,
          0.30901700258255005
        ],
        [
          0.060603220015764236,
          -0.9805806875228882,
          0.18651752173900604
        ],
        [
          0.3030160963535309,
          0.1961161345243454,
          0.9325876235961914
        ]
      ],
      "t": [
        -2.2965999691238645e-17,
        1.259078080146565e-16,
        3.0594117641448975
      ],
      "fx": 115.88225099390857,
      "fy": 115.88225099390857,
      "cx": 48.0,
      "cy": 48.0,
      "width": 96,
      "height": 96
    },
    {
      "image": "images/view_022.png",
      "R": [
        [
          -0.9945219159126282,
          0.0,
          0.10452846437692642
        ],
        [
          0.020499717444181442,
          -0.9805806875228882,
          0.19504179060459137
        ],
        [
          0.10249859094619751,
          0.1961161345243454,
          0.9752089381217957
        ]
      ],
      "t": [
        -1.8737459017312468e-17,
        1.3234996507147462e-17,
        3.0594117641448975
      ],
      "fx": 115.88225099390857,
      "fy": 115.88225099390857,
      "cx": 48.0,
      "cy": 48.0,
      "width": 96,
      "height": 96
    },
    {
      "image": "images/view_023.png",
      "R": [
        [
          -0.9945219159126282,
          -0.0,
          -0.10452846437692642
        ],
        [
          -0.020499717444181442,
          -0.9805806875228882,
          0.19504179060459137
        ],
        [
          -0.10249859094619751,
          0.1961161345243454,
          0.9752089381217957
        ]
      ],
      "t": [
        3.505775070095718e-17,
        -1.1171351278033844e-17,
        3.0594117641448975
      ],
      "fx": 115.88225099390857,
      "fy": 115.88225099390857,
      "cx": 48.0,
      "cy": 48.0,
      "width": 96,
      "height": 96
    },
    {
      "image": "images/view_024.png",
      "R": [
        [
          -0.9510565400123596,
          -0.0,
          -0.30901700258255005
        ],
        [
          -0.060603220015764236,
          -0.9805806875228882,
          0.18651752173900604
        ],
        [
          -0.3030160963535309,
          0.1961161345243454,
          0.9325876235961914
        ]
      ],
      "t": [
        -5.2147173116127174e-17,
        -1.33063764037465e-17,
        3.0594117641448975
      ],
      "fx": 115.88225099390857,
      "fy": 115.88225099390857,
      "cx": 48.0,
      "cy": 48.0,
      "width": 96,
      "height": 96
    },
    {
      "image": "images/view_025.png",
      "R": [
        [
          -0.8660253882408142,
          -0.0,
          -0.5
        ],
        [
          -0.0980580672621727,
          -0.9805806875228882,
          0.16984155774116516
        ],
        [
          -0.4902903437614441,
          0.1961161345243454,
          0.8492077589035034
        ]
      ],
      "t": [
        -6.639979947288126e-17,
        5.564070756751833e-17,
        3.0594117641448975
      ],
      "fx": 115.88225099390857,
      "fy": 115.88225099390857,
      "cx": 48.0,
      "cy": 48.0,
      "width": 96,
      "height": 96
    },
    {
      "image": "images/view_026.png",
      "R": [
        [
          -0.7431448101997375,
          -0.0,
          -0.6691306233406067
        ],
        [
          -0.1312273144721985,
          -0.9805806875228882,
          0.14574268460273743
        ],
        [
          -0.6561365127563477,
          0.1961161345243454,
          0.7287134528160095
        ]
      ],
      "t": [
        1.4196319841585357e-16,
        4.348140402589504e-17,
        3.0594117641448975
      ],
      "fx": 115.88225099390857,
      "fy": 115.88225099390857,
      "cx": 48.0,
      "cy": 48.0,
      "width": 96,
      "height": 96
    },
    {
      "image": "images/view_027.png",
      "R": [
        [
          -0.5877852439880371,
          -0.0,
          -0.80901700258255
        ],
        [
          -0.15866129100322723,
          -0.9805806875228882,
          0.11527416855096817
        ],
        [
          -0.7933064103126526,
          0.1961161345243454,
          0.5763708353042603
        ]
      ],
      "t": [
        -8.311725861892086e-17,
        7.298223147233734e-17,
        3.0594117641448975
      ],
      "fx": 115.88225099390857,
      "fy": 115.88225099390857,
      "cx": 48.0,
      "cy": 48.0,
      "width": 96,
      "height": 96
    },
    {
      "image": "images/view_028.png",
      "R": [
        [
          -0.4067366421222687,
          -0.0,
          -0.9135454297065735
        ],
        [
          -0.17916099727153778,
          -0.9805806875228882,
          0.0797676220536232
        ],
        [
          -0.8958050012588501,
          0.1961161345243454,
          0.3988381028175354
        ]
      ],
      "t": [
        -4.6846331744368906e-17,
        -1.0228194153336594e-17,
        3.0594117641448975
      ],
      "fx": 115.88225099390857,
      "fy": 115.88225099390857,
      "cx": 48.0,
      "cy": 48.0,
      "width": 96,
      "height": 96
    },
    {
      "image": "images/view_029.png",
      "R": [
        [
          -0.2079116851091385,
          -0.0,
          -0.9781476259231567
        ],
        [
          -0.19183053076267242,
          -0.9805806875228882,
          0.040774837136268616
        ],
        [
          -0.9591526389122009,
          0.1961161345243454,
          0.20387418568134308
        ]
      ],
      "t": [
        1.317805587532115e-17,
        2.5603802564053896e-17,
        3.0594117641448975
      ],
      "fx": 115.88225099390857,
      "fy": 115.88225099390857,
      "cx": 48.0,
      "cy": 48.0,
      "width": 96,
      "height": 96
    }
  ],
  "meta": {
    "gt_points": 30000
  }
}